     0/299     7.21G      5.43      3.34         0      8.76        18       512         0         0    0.0151         0      6.14      1.66         0
     1/299     6.98G      3.81      1.79         0       5.6        13       512         0         0      0.21         0      5.76      1.07         0
     2/299     6.98G      4.29      1.45         0      5.74        15       512     0.149     0.653     0.281     0.243      5.21     0.956         0
     3/299     6.98G      3.55      1.18         0      4.73        17       512     0.298     0.598      0.35     0.398      6.36     0.878         0
     4/299     6.98G      3.94      1.11         0      5.05        16       512     0.475     0.663     0.528     0.553      5.56     0.729         0
     5/299     6.98G      3.75      1.03         0      4.78        21       512     0.363     0.694     0.378     0.477      5.52     0.802         0
     6/299     6.98G      3.62     0.906         0      4.53        17       512     0.687     0.741     0.735     0.713      7.22     0.555         0
     7/299     6.98G      3.35      1.01         0      4.36        18       512      0.01     0.384   0.00614    0.0196      6.82      25.6         0
     8/299     6.98G      3.44     0.996         0      4.44        14       512      0.47     0.724     0.591      0.57      5.92     0.632         0
     9/299     6.98G      3.47      0.97         0      4.44        19       512     0.798     0.605     0.693     0.689      5.27      0.65         0
    10/299     6.98G       3.6     0.885         0      4.49        14       512     0.728     0.667     0.698     0.696      5.13     0.721         0
    11/299     6.98G       3.4     0.875         0      4.28        19       512     0.696     0.655     0.627     0.675      5.37     0.566         0
    12/299     6.98G      3.32     0.782         0      4.11        19       512     0.898     0.762     0.846     0.825      4.96     0.509         0
    13/299     6.98G      3.59     0.799         0      4.39        15       512     0.911     0.745     0.849     0.819      4.84     0.509         0
    14/299     6.98G      3.15     0.732         0      3.88        14       512       0.9     0.698     0.783     0.786      4.99      0.51         0
    15/299     6.98G      3.21     0.678         0      3.88        15       512     0.789      0.81     0.811     0.799      4.82     0.452         0
    16/299     6.98G      3.43     0.702         0      4.13        18       512     0.863     0.814     0.857     0.837      4.76     0.437         0
    17/299     6.98G      2.36     0.684         0      3.04        12       512     0.819     0.814     0.825     0.816      4.83     0.419         0
    18/299     6.98G      3.23     0.658         0      3.88        17       512     0.695     0.537     0.566     0.606      6.11     0.544         0
    19/299     6.98G      3.46     0.906         0      4.37        13       512     0.326     0.467     0.322     0.384      6.16     0.622         0
    20/299     6.98G      3.26     0.892         0      4.15        20       512     0.627     0.345     0.364     0.445       5.9     0.632         0
    21/299     6.98G      3.78     0.989         0      4.77        18       512   0.00455     0.116    0.0018   0.00875      9.34      1.92         0
    22/299     6.98G      4.01      1.15         0      5.16        17       512   0.00208     0.445   0.00137   0.00415      8.31      68.4         0
    23/299     6.98G      4.25      1.15         0       5.4        20       512   0.00877    0.0667   0.00114    0.0155      9.85      2.23         0
    24/299     6.98G      3.74      1.15         0      4.89        18       512   0.00556    0.0255   0.00626   0.00913      6.97     0.971         0
    25/299     6.98G      4.06      1.07         0      5.13        17       512     0.564      0.13     0.214     0.211         6      0.61         0
    26/299     6.98G      3.93      1.09         0      5.02        17       512     0.507     0.256     0.283      0.34      6.02     0.574         0
    27/299     6.98G      3.81      1.01         0      4.81        17       512     0.535      0.22     0.246     0.311      6.01      0.57         0
    28/299     6.98G      4.12      1.03         0      5.15        14       512     0.555     0.365     0.354      0.44      5.74     0.574         0
    29/299     6.98G      4.29      1.01         0       5.3        12       512     0.469     0.453     0.365     0.461      5.75     0.563         0
    30/299     6.98G      4.37      1.02         0      5.38        15       512     0.662     0.449     0.476     0.535      5.54     0.557         0
    31/299     6.98G      3.67     0.957         0      4.63        16       512     0.593      0.49     0.446     0.537       5.6     0.532         0
    32/299     6.98G      3.69     0.961         0      4.66        15       512     0.518     0.543     0.461      0.53      5.63     0.536         0
    33/299     6.98G      3.65      1.01         0      4.66        19       512     0.592     0.502      0.47     0.543      5.58     0.524         0
    34/299     6.98G       3.9     0.922         0      4.83        17       512     0.622     0.525     0.518     0.569      5.42     0.536         0
    35/299     6.98G      3.67     0.939         0      4.61        13       512     0.604     0.561     0.525     0.581      5.44     0.529         0
    36/299     6.98G      3.46     0.974         0      4.44        17       512     0.565     0.541     0.485     0.553      5.41     0.546         0
    37/299     6.98G       3.4     0.956         0      4.36        16       512     0.635     0.556     0.536     0.593      5.37     0.521         0
    38/299     6.98G       3.3     0.934         0      4.23        18       512     0.614     0.567      0.53      0.59      5.39     0.502         0
    39/299     6.98G      3.65     0.909         0      4.56        15       512      0.56     0.518     0.485     0.538      5.56     0.491         0
    40/299     6.98G       3.6     0.925         0      4.53        21       512     0.668      0.51     0.521     0.578      5.29     0.523         0
    41/299     6.98G      3.15     0.897         0      4.05        14       512     0.612     0.569     0.544      0.59      5.35     0.501         0
    42/299     6.98G      3.38     0.881         0      4.26        11       512     0.537     0.536      0.47     0.536      5.46     0.533         0
    43/299     6.98G      3.37      0.89         0      4.26        17       512     0.528     0.643     0.568      0.58      5.33     0.498         0
    44/299     6.98G      3.59     0.884         0      4.48        15       512     0.655     0.624     0.587     0.639      5.24       0.5         0
    45/299     6.98G      3.26     0.845         0      4.11        14       512     0.757     0.594     0.657     0.666       5.1       0.5         0
    46/299     6.98G      3.62     0.816         0      4.44        17       512     0.668     0.569     0.594     0.614      5.25     0.486         0
    47/299     6.98G      3.07     0.834         0       3.9        22       512     0.536     0.624     0.546     0.576      5.36     0.506         0
    48/299     6.98G      2.98     0.802         0      3.78        18       512     0.681     0.584     0.636     0.629      5.15      0.51         0
    49/299     6.98G      3.22     0.802         0      4.02        13       512     0.652     0.648     0.624      0.65       5.2     0.465         0
    50/299     6.98G      3.56     0.776         0      4.33        18       512     0.644     0.655     0.632     0.649      5.22     0.485         0
    51/299     6.98G         3     0.799         0       3.8        15       512      0.61     0.663     0.619     0.635      5.14     0.509         0
    52/299     6.98G      3.51     0.797         0       4.3        15       512     0.633     0.729     0.691     0.678      5.16     0.464         0
    53/299     6.98G      3.37     0.791         0      4.16        14       512     0.678     0.663     0.633      0.67      5.21     0.455         0
    54/299     6.98G      3.06     0.817         0      3.88        19       512      0.64     0.635     0.633     0.638      5.11     0.501         0
    55/299     6.98G      3.36     0.785         0      4.14        10       512     0.721     0.651     0.656     0.684      5.27     0.448         0
    56/299     6.98G      3.15     0.762         0      3.91        20       512     0.703     0.635     0.655     0.667      5.18     0.473         0
    57/299     6.98G      3.09     0.767         0      3.86        15       512     0.711     0.666     0.672     0.687      5.13     0.462         0
    58/299     6.98G      3.03     0.752         0      3.78        20       512     0.678     0.682     0.665      0.68      5.12     0.472         0
    59/299     6.98G      2.54     0.734         0      3.27        19       512     0.758     0.663      0.67     0.708      5.15     0.471         0
    60/299     6.98G      2.93     0.763         0      3.69        19       512      0.68     0.715     0.692     0.697      5.07     0.455         0
    61/299     6.98G      2.83     0.735         0      3.56        20       512     0.794     0.692     0.729      0.74      5.01      0.46         0
    62/299     6.98G      2.84     0.722         0      3.56        15       512     0.672     0.727     0.693     0.698      5.04      0.46         0
    63/299     6.98G      3.06     0.745         0      3.81        16       512     0.605     0.494     0.474     0.544      5.64     0.517         0
    64/299     6.98G      2.91      0.72         0      3.63        16       512     0.744     0.722     0.732     0.733      5.02     0.444         0
    65/299     6.98G      2.83     0.733         0      3.56        16       512     0.829     0.694     0.758     0.755      4.91     0.468         0
    66/299     6.98G      3.44     0.702         0      4.15        17       512     0.684      0.76     0.728      0.72      5.03     0.435         0
    67/299     6.98G      2.99     0.685         0      3.68        18       512     0.807     0.638     0.703     0.712      5.04     0.484         0
    68/299     6.98G      2.64     0.714         0      3.35        17       512     0.774     0.663     0.722     0.714      4.98     0.466         0
    69/299     6.98G      2.89     0.684         0      3.57        20       512     0.783     0.749      0.77     0.766      4.89     0.445         0
    70/299     6.98G      2.19     0.711         0       2.9        18       512     0.813     0.715     0.762     0.761      4.85      0.46         0
    71/299     6.98G      3.19     0.676         0      3.87        14       512     0.831     0.599     0.733     0.696      4.93     0.492         0
    72/299     6.98G      3.08     0.695         0      3.77        17       512     0.764     0.753     0.769     0.758      4.83     0.461         0
    73/299     6.98G      2.84     0.666         0       3.5        17       512     0.728     0.733     0.733     0.731      4.96     0.454         0
    74/299     6.98G      3.16     0.637         0       3.8        18       512     0.738     0.786     0.775     0.762       4.9     0.429         0
    75/299     6.98G      2.66     0.631         0      3.29        16       512     0.817     0.702     0.786     0.755      4.89     0.451         0
    76/299     6.98G      2.98     0.635         0      3.61        19       512     0.832     0.698     0.789     0.759      4.89     0.454         0
    77/299     6.98G       3.1     0.693         0       3.8        18       512     0.719     0.763     0.736      0.74      4.96      0.42         0
    78/299     6.98G      3.23     0.615         0      3.84        18       512     0.821     0.714     0.773     0.764      4.94     0.443         0
    79/299     6.98G      2.85     0.648         0       3.5        22       512     0.825     0.741     0.796     0.781      4.77     0.462         0
    80/299     6.98G      3.17     0.652         0      3.82        18       512       0.8     0.718     0.776     0.757      4.87     0.461         0
    81/299     6.98G      2.96     0.633         0      3.59        18       512     0.706     0.739     0.734     0.722      4.95     0.437         0
    82/299     6.98G      3.06     0.601         0      3.66        13       512     0.751     0.697     0.733     0.723      4.91     0.448         0
    83/299     6.98G      2.26     0.655         0      2.91        13       512     0.841     0.676     0.761      0.75      4.87     0.473         0
    84/299     6.98G         3     0.618         0      3.62        16       512     0.851     0.749      0.82     0.797      4.77     0.461         0
    85/299     6.98G         3      0.62         0      3.62        16       512      0.84      0.74     0.791     0.787      4.81     0.441         0
    86/299     6.98G      2.95     0.622         0      3.57        19       512     0.763     0.704     0.733     0.732      4.91     0.449         0
    87/299     6.98G      3.04     0.584         0      3.62        15       512     0.805     0.719     0.766     0.759      4.89     0.439         0
    88/299     6.98G      2.87     0.613         0      3.48        19       512     0.831     0.692     0.766     0.755      4.82     0.475         0
    89/299     6.98G      2.62      0.59         0      3.21        15       512      0.85     0.713     0.783     0.775       4.9     0.434         0
    90/299     6.98G      3.19      0.61         0       3.8        16       512     0.818     0.741     0.787     0.778      4.78     0.442         0
    91/299     6.98G       3.2     0.587         0      3.78        19       512     0.753     0.735     0.728     0.744      4.86     0.473         0
    92/299     6.98G      2.53     0.617         0      3.14        19       512     0.714     0.718      0.69     0.716      4.91     0.482         0
    93/299     6.98G       2.6     0.615         0      3.21        19       512     0.768     0.712     0.739     0.739      4.84     0.458         0
    94/299     6.98G      2.89       0.6         0      3.49        21       512     0.768     0.767     0.782     0.767       4.8      0.43         0
    95/299     6.98G      2.38     0.565         0      2.95        21       512      0.82     0.737     0.793     0.776      4.81     0.457         0
    96/299     6.98G      3.05     0.623         0      3.67        17       512     0.568     0.267     0.262     0.363      5.94     0.771         0
    97/299     6.98G      2.75     0.656         0      3.41        14       512     0.755     0.665     0.675     0.707      5.08     0.504         0
    98/299     6.98G      2.63      0.62         0      3.25        15       512     0.792     0.706     0.728     0.746      4.97     0.448         0
    99/299     6.98G      2.78     0.653         0      3.43        15       512      0.79     0.789     0.799     0.789      4.81     0.433         0
   100/299     6.98G      2.49     0.589         0      3.07        16       512     0.849      0.72     0.766     0.779      4.89     0.449         0
   101/299     6.98G      2.81     0.601         0      3.42        21       512     0.835     0.633     0.739      0.72      4.88     0.495         0
   102/299     6.98G      2.39     0.592         0      2.98        13       512      0.85     0.734     0.786     0.787      4.92     0.439         0
   103/299     6.98G      3.34     0.587         0      3.92        19       512     0.814     0.731     0.772     0.771      4.94     0.434         0
   104/299     6.98G      3.12     0.598         0      3.72        15       512     0.791     0.688     0.727     0.736      5.05      0.45         0
   105/299     6.98G      2.75     0.616         0      3.37        15       512     0.745     0.696     0.714      0.72      4.96     0.467         0
   106/299     6.98G      2.67     0.605         0      3.28        16       512     0.842      0.68     0.763     0.753      4.86     0.476         0
   107/299     6.98G       2.9     0.803         0      3.71        21       512   0.00421     0.129  0.000945   0.00816         8      3.46         0
   108/299     6.98G      3.13     0.937         0      4.06        20       512     0.143     0.304    0.0687     0.194      6.14     0.762         0
   109/299     6.98G      3.08      0.84         0      3.92        17       512     0.676     0.484     0.515     0.564      5.36     0.556         0
   110/299     6.98G      3.58      0.96         0      4.54        19       512     0.273     0.359     0.188      0.31      5.86     0.684         0
   111/299     6.98G      3.34     0.968         0      4.31        16       512      0.44     0.486     0.395     0.462      5.41     0.603         0
   112/299     6.98G      2.77     0.893         0      3.67        20       512     0.519     0.565     0.468     0.541      5.44     0.517         0
   113/299     6.98G      2.95     0.869         0      3.82        14       512     0.599     0.586     0.566     0.593      5.22     0.519         0
   114/299     6.98G      3.35     0.811         0      4.17        18       512     0.673     0.596     0.619     0.632      5.16     0.494         0
   115/299     6.98G      3.12     0.806         0      3.93        21       512     0.556     0.602     0.551     0.578      5.07     0.509         0
   116/299     6.98G      3.68     0.833         0      4.51        15       512     0.591     0.561     0.546     0.575      5.05      0.51         0
   117/299     6.98G      2.88     0.807         0      3.68        20       512     0.676     0.624     0.644     0.649      4.73     0.504         0
   118/299     6.98G      3.28     0.774         0      4.06        18       512      0.65     0.656     0.646     0.653      4.74     0.491         0
   119/299     6.98G      3.15     0.788         0      3.93        16       512     0.661     0.643     0.646     0.652      4.82     0.491         0
   120/299     6.98G      2.81     0.749         0      3.56        16       512     0.692     0.643     0.656     0.667      4.73     0.493         0
   121/299     6.98G       3.4     0.741         0      4.14        20       512     0.719     0.643     0.669     0.679      5.01      0.48         0
   122/299     6.98G      2.86     0.778         0      3.64        18       512      0.72     0.644     0.663      0.68       4.8     0.453         0
   123/299     6.98G      3.07     0.751         0      3.82        15       512     0.746     0.675     0.697     0.709      4.91     0.477         0
   124/299     6.98G      3.23      0.72         0      3.95        17       512     0.705     0.702      0.68     0.703      5.04     0.457         0
   125/299     6.98G      3.18     0.686         0      3.86        20       512     0.726     0.673      0.67     0.698      5.05     0.472         0
   126/299     6.98G      3.57     0.685         0      4.26        14       512     0.762     0.659     0.718     0.707      4.85     0.488         0
   127/299     6.98G      3.14     0.682         0      3.82        15       512     0.797     0.649     0.738     0.716      4.62     0.502         0
   128/299     6.98G      2.79     0.642         0      3.43        14       512     0.695     0.692     0.695     0.693      4.87     0.464         0
   129/299     6.98G      3.13     0.657         0      3.78        15       512     0.713     0.649     0.686      0.68      4.94     0.477         0
   130/299     6.98G      2.91     0.669         0      3.58        15       512     0.759     0.686     0.731     0.721      4.78     0.475         0
   131/299     6.98G      2.93     0.665         0       3.6        17       512     0.789     0.637     0.702     0.705      4.74     0.489         0
   132/299     6.98G      2.41     0.678         0      3.09        16       512      0.78     0.659     0.716     0.714      4.73     0.471         0
   133/299     6.98G      3.02      0.65         0      3.67        16       512      0.71     0.696     0.691     0.703      4.77     0.464         0
   134/299     6.98G      2.68     0.642         0      3.32        18       512     0.758     0.687      0.72      0.72       4.7     0.473         0
   135/299     6.98G      2.55     0.618         0      3.17        12       512     0.714      0.72     0.717     0.717      4.61     0.461         0
   136/299     6.98G      2.86      0.61         0      3.47        14       512     0.763     0.682     0.702      0.72      4.91     0.474         0
   137/299     6.98G      3.06     0.704         0      3.77        16       512     0.258     0.408     0.206     0.316      5.97      0.69         0
   138/299     6.98G      3.45     0.867         0      4.31        12       512      0.34     0.571     0.394     0.426      5.41     0.569         0
   139/299     6.98G      3.25     0.772         0      4.02        14       512      0.64     0.627     0.621     0.634      4.87      0.49         0
   140/299     6.98G      2.85     0.738         0      3.59        14       512     0.687     0.653      0.64      0.67      4.98     0.473         0
   141/299     6.98G      2.88     0.688         0      3.57        15       512      0.77     0.629      0.67     0.692      5.02     0.503         0
   142/299     6.98G      2.61     0.683         0       3.3        14       512     0.792     0.618     0.682     0.694      5.01     0.499         0
   143/299     6.98G      2.48     0.709         0      3.19        18       512     0.765     0.637     0.696     0.695      4.97     0.476         0
   144/299     6.98G      2.61     0.649         0      3.25        13       512     0.782     0.631     0.705     0.699      4.76     0.498         0
   145/299     6.98G      2.48     0.653         0      3.14        20       512     0.766     0.631     0.687     0.692      5.24     0.489         0
   146/299     6.98G      2.36     0.627         0      2.98        17       512     0.673     0.694     0.679     0.683       4.6     0.468         0
   147/299     6.98G      2.92     0.602         0      3.52        12       512     0.779     0.643     0.711     0.705      4.68     0.495         0
   148/299     6.98G      2.71     0.641         0      3.35        14       512     0.777     0.673     0.696     0.721      4.56     0.499         0
   149/299     6.98G      2.49     0.638         0      3.13        14       512     0.795     0.627     0.703     0.701      4.71     0.501         0
   150/299     6.98G      2.79     0.626         0      3.41        20       512     0.753     0.659     0.698     0.703       4.7     0.497         0
   151/299     6.98G      2.54      0.62         0      3.16        15       512     0.803     0.638     0.706     0.711      4.53     0.496         0
   152/299     6.98G      2.53     0.624         0      3.16        15       512     0.762     0.682     0.697      0.72      4.66      0.47         0
   153/299     6.98G      2.27      0.59         0      2.86        17       512     0.794     0.628       0.7     0.701      4.68     0.502         0
   154/299     6.98G      2.65     0.607         0      3.25        13       512     0.822     0.635     0.717     0.716      4.74     0.507         0
   155/299     6.98G      2.65     0.619         0      3.27        20       512     0.833     0.665     0.727     0.739       4.5     0.489         0
   156/299     6.98G       2.6     0.556         0      3.15        15       512     0.797     0.676     0.727     0.732      4.57     0.484         0
   157/299     6.98G      2.48     0.583         0      3.07        17       512     0.768     0.683     0.718     0.723      4.83     0.484         0
   158/299     6.98G      2.23     0.584         0      2.82        14       512     0.774     0.718     0.734     0.745      4.85     0.461         0
   159/299     6.98G      2.67     0.587         0      3.26        17       512      0.79     0.665     0.728     0.722       4.7     0.492         0
   160/299     6.98G      2.88     0.551         0      3.43        20       512     0.828     0.651     0.736     0.729      4.59     0.487         0
   161/299     6.98G      2.89     0.586         0      3.47        14       512     0.816     0.673     0.732     0.737      4.73     0.476         0
   162/299     6.98G      2.35     0.541         0      2.89        17       512     0.789     0.704      0.73     0.744      4.47     0.466         0
   163/299     6.98G      2.62     0.575         0       3.2        20       512     0.822     0.645     0.722     0.723      4.54     0.477         0
   164/299     6.98G      2.81     0.592         0       3.4        19       512     0.857     0.639     0.727     0.732      4.57     0.491         0
   165/299     6.98G      2.33     0.581         0      2.92        18       512     0.814     0.667     0.741     0.733      4.48     0.473         0
   166/299     6.98G      2.37     0.553         0      2.93        13       512     0.826     0.689     0.754     0.752      4.47     0.473         0
   167/299     6.98G      2.58     0.554         0      3.14        13       512     0.786     0.727     0.754     0.756      4.57     0.455         0
   168/299     6.98G      2.27     0.553         0      2.82        16       512     0.861     0.655     0.742     0.744      4.62     0.486         0
   169/299     6.98G      2.16     0.537         0       2.7        18       512     0.869     0.674     0.761     0.759      4.58     0.497         0
   170/299     6.98G      2.08     0.548         0      2.63        18       512     0.848     0.692     0.776     0.762       4.4     0.504         0
   171/299     6.98G      2.72     0.548         0      3.27        17       512     0.856     0.676     0.771     0.755       4.5     0.498         0
   172/299     6.98G      2.53     0.503         0      3.03        12       512     0.859     0.667     0.758     0.751       4.4     0.515         0
   173/299     6.98G      2.62     0.517         0      3.14        14       512     0.865     0.667     0.755     0.753      4.61     0.507         0
   174/299     6.98G      2.16     0.525         0      2.68        12       512     0.854     0.664     0.746     0.747      4.52      0.49         0
   175/299     6.98G      2.08     0.526         0      2.61        15       512     0.813     0.675     0.743     0.737      4.55     0.473         0
   176/299     6.98G      2.51      0.52         0      3.03        16       512     0.864     0.671     0.759     0.755      4.46     0.485         0
   177/299     6.98G      3.13     0.546         0      3.67        22       512     0.894     0.629     0.749     0.738      4.71     0.527         0
   178/299     6.98G      2.59     0.509         0       3.1        17       512      0.88     0.645     0.741     0.744      5.04     0.523         0
   179/299     6.98G      3.02     0.545         0      3.57        16       512     0.886     0.653     0.721     0.752      4.68     0.524         0
   180/299     6.98G      2.27     0.542         0      2.81        17       512      0.84     0.668      0.74     0.744      4.52     0.502         0
   181/299     6.98G      2.82     0.548         0      3.37        17       512     0.856     0.663      0.75     0.747      4.62     0.509         0
   182/299     6.98G      2.57     0.498         0      3.07        19       512     0.872     0.647     0.757     0.743      4.37     0.517         0
   183/299     6.98G      2.56     0.513         0      3.08        19       512     0.848     0.655     0.753     0.739      4.39     0.494         0
   184/299     6.98G      2.14     0.505         0      2.64        16       512     0.882     0.663     0.761     0.757      4.75     0.499         0
   185/299     6.98G      2.34     0.487         0      2.83        15       512     0.878     0.673     0.756     0.762      4.71     0.494         0
   186/299     6.98G      2.43     0.514         0      2.94        14       512     0.878     0.652     0.772     0.748      4.67     0.515         0
   187/299     6.98G       2.2     0.491         0      2.69        16       512     0.902     0.643     0.772     0.751      4.76     0.519         0
   188/299     6.98G      2.47     0.463         0      2.93        13       512     0.896     0.645     0.755      0.75      4.68     0.521         0
   189/299     6.98G      2.01       0.5         0      2.51        17       512     0.883     0.678     0.776     0.767      4.37     0.518         0
   190/299     6.98G      2.34      0.48         0      2.82        17       512     0.838     0.722     0.778     0.776      4.38     0.484         0
   191/299     6.98G      2.59     0.477         0      3.07        20       512     0.899     0.663     0.782     0.763      4.42     0.515         0
   192/299     6.98G      2.64     0.497         0      3.13        16       512     0.877     0.671     0.766      0.76      4.36     0.502         0
   193/299     6.98G      1.84     0.483         0      2.32        20       512     0.868     0.682     0.769     0.764      4.44     0.507         0
   194/299     6.98G      2.55     0.502         0      3.05        15       512     0.853      0.66     0.766     0.745      4.45      0.53         0
   195/299     6.98G       2.2     0.486         0      2.68        17       512     0.834     0.681      0.76      0.75      4.36     0.504         0
   196/299     6.98G      2.34      0.49         0      2.83        20       512     0.845     0.663     0.757     0.743      4.34     0.523         0
   197/299     6.98G      1.73     0.486         0      2.21        15       512     0.861     0.675     0.767     0.756      4.52     0.515         0
   198/299     6.98G      2.25     0.479         0      2.73        18       512     0.872     0.657     0.763     0.749      4.36     0.548         0
   199/299     6.98G      2.28     0.486         0      2.76        17       512     0.877     0.641     0.757      0.74      4.41     0.556         0
   200/299     6.98G      2.13      0.49         0      2.62        15       512     0.858     0.673      0.78     0.754       4.4     0.523         0
   201/299     6.98G      2.23     0.449         0      2.67        18       512      0.84     0.677     0.777      0.75      4.44     0.523         0
   202/299     6.98G      2.24     0.466         0       2.7        12       512     0.843     0.665      0.76     0.744      4.39     0.526         0
   203/299     6.98G      2.64     0.452         0      3.09        14       512     0.828     0.671     0.768     0.741      4.44     0.515         0
   204/299     6.98G      2.36     0.465         0      2.83        16       512     0.829     0.676     0.771     0.745       4.4     0.519         0
   205/299     6.98G       2.2     0.473         0      2.68        14       512     0.864     0.649     0.747     0.741      4.45     0.517         0
   206/299     6.98G      2.18     0.472         0      2.66        14       512     0.888     0.637     0.751     0.742      4.69     0.525         0
   207/299     6.98G      2.45     0.461         0      2.92        22       512     0.864     0.676     0.759     0.759      4.44     0.528         0
   208/299     6.98G      2.56     0.453         0      3.02        16       512     0.863     0.654     0.759     0.744      4.35     0.539         0
   209/299     6.98G      1.82     0.444         0      2.26        17       512     0.858     0.661     0.761     0.747       4.5     0.526         0
   210/299     6.98G      2.47     0.456         0      2.92        19       512     0.855     0.647     0.756     0.737      4.37     0.524         0
   211/299     6.98G      2.17      0.46         0      2.63        19       512     0.864     0.672     0.765     0.756      4.34      0.53         0
   212/299     6.98G      2.09     0.476         0      2.56        17       512     0.866     0.671     0.764     0.756      4.32     0.521         0
   213/299     6.98G      2.66     0.451         0      3.11        18       512     0.871     0.661     0.771     0.751      4.38     0.513         0
   214/299     6.98G      2.29     0.435         0      2.72        25       512      0.87      0.67     0.769     0.757      4.35     0.527         0
   215/299     6.98G      2.19     0.454         0      2.64        17       512     0.887     0.659     0.758     0.756      4.37     0.535         0
   216/299     6.98G      2.04     0.459         0       2.5        12       512     0.872     0.655     0.759     0.748      4.32     0.525         0
   217/299     6.98G      2.56     0.434         0      2.99        19       512     0.849     0.684      0.77     0.758      4.49     0.509         0
   218/299     6.98G      2.42     0.437         0      2.86        15       512     0.879      0.68     0.775     0.767      4.36     0.517         0
   219/299     6.98G      1.86     0.449         0       2.3        15       512     0.876     0.665     0.771     0.756      4.58     0.522         0
   220/299     6.98G      2.28      0.42         0       2.7        14       512     0.874     0.669     0.778     0.758       4.3     0.514         0
   221/299     6.98G      1.77     0.435         0       2.2        17       512     0.881     0.666     0.777     0.759      4.33     0.513         0
   222/299     6.98G      2.37     0.444         0      2.82        16       512      0.88     0.659     0.757     0.753      4.35     0.516         0
   223/299     6.98G      2.18     0.424         0      2.61        18       512     0.878     0.682     0.763     0.768      4.49     0.517         0
   224/299     6.98G      2.25     0.436         0      2.68        18       512     0.872     0.669     0.763     0.757      4.32      0.53         0
   225/299     6.98G      1.97      0.46         0      2.43        17       512     0.885     0.662     0.767     0.757      4.34     0.534         0
   226/299     6.98G      1.89     0.417         0      2.31        14       512     0.907     0.639     0.772      0.75      4.31     0.557         0
   227/299     6.98G       1.9     0.444         0      2.34        19       512     0.892     0.653     0.771     0.754      4.31     0.537         0
   228/299     6.98G      1.64     0.441         0      2.08        15       512     0.889     0.662     0.768     0.759      4.32     0.537         0
   229/299     6.98G      2.42     0.458         0      2.88        20       512     0.895     0.645     0.768      0.75      4.29     0.555         0
   230/299     6.98G      1.96     0.406         0      2.37        19       512     0.906     0.631     0.773     0.744      4.28     0.545         0
   231/299     6.98G      1.71     0.428         0      2.14        22       512     0.904     0.631     0.772     0.743      4.29     0.543         0
   232/299     6.98G      1.97     0.397         0      2.37        16       512     0.883     0.645      0.78     0.746       4.3     0.527         0
   233/299     6.98G      2.13      0.41         0      2.53        17       512     0.895     0.652     0.783     0.754      4.41     0.537         0
   234/299     6.98G      2.27     0.421         0      2.69        22       512     0.892     0.641     0.765     0.746      4.31     0.539         0
   235/299     6.98G      2.03     0.413         0      2.44        16       512     0.881     0.673      0.78     0.763      4.31     0.529         0
   236/299     6.98G      2.41     0.441         0      2.85        14       512     0.856     0.698     0.795     0.769      4.28     0.523         0
   237/299     6.98G      1.68     0.417         0       2.1        16       512     0.869     0.674     0.791     0.759      4.28     0.537         0
   238/299     6.98G      2.16     0.411         0      2.57        16       512     0.872      0.67     0.785     0.758      4.28     0.519         0
   239/299     6.98G      1.94     0.405         0      2.34        16       512     0.879     0.656     0.781     0.751      4.33     0.519         0
   240/299     6.98G      2.46     0.417         0      2.88        15       512     0.882     0.673     0.792     0.763      4.33     0.514         0
   241/299     6.98G      2.19     0.409         0       2.6        17       512     0.878     0.675     0.786     0.763      4.32     0.518         0
   242/299     6.98G      2.29     0.432         0      2.73        14       512     0.884     0.669     0.789     0.762      4.37     0.526         0
   243/299     6.98G      2.07       0.4         0      2.47        18       512     0.887     0.675     0.791     0.767      4.31     0.527         0
   244/299     6.98G      2.27     0.402         0      2.67        20       512     0.883     0.683     0.794      0.77      4.28     0.526         0
   245/299     6.98G       2.2      0.41         0      2.61        20       512     0.884     0.671     0.788     0.763      4.26     0.552         0
   246/299     6.98G      1.99     0.399         0      2.39        14       512     0.902     0.641     0.798      0.75      4.24     0.573         0
   247/299     6.98G       2.3     0.407         0       2.7        15       512     0.908     0.635     0.794     0.747      4.26     0.576         0
   248/299     6.98G      1.94     0.409         0      2.35        15       512     0.897     0.641     0.786     0.748      4.29     0.553         0
   249/299     6.98G      2.39     0.407         0      2.79        17       512     0.895     0.649     0.792     0.753      4.31     0.539         0
   250/299     6.98G       2.1     0.436         0      2.54        16       512      0.89     0.661     0.796     0.759      4.28     0.538         0
   251/299     6.98G       2.1     0.414         0      2.51        20       512     0.883     0.653     0.785     0.751      4.32     0.546         0
   252/299     6.98G      1.89     0.387         0      2.27        14       512     0.886     0.651     0.783     0.751      4.31     0.549         0
   253/299     6.98G      2.05     0.416         0      2.47        17       512     0.889     0.657     0.778     0.755      4.32     0.541         0
   254/299     6.98G       2.6     0.393         0      2.99        18       512      0.89     0.665     0.787     0.761      4.29     0.532         0
   255/299     6.98G       2.2     0.399         0       2.6        16       512     0.895      0.65      0.79     0.753      4.37     0.545         0
   256/299     6.98G      1.75     0.408         0      2.16        14       512     0.903     0.639     0.789     0.748      4.29     0.557         0
   257/299     6.98G      2.16     0.411         0      2.57        17       512     0.897     0.647     0.785     0.752      4.32     0.543         0
   258/299     6.98G      1.99     0.382         0      2.37        12       512     0.895     0.651     0.785     0.754      4.29      0.55         0
   259/299     6.98G      1.82     0.386         0      2.21        20       512      0.89     0.651     0.779     0.752      4.28     0.556         0
   260/299     6.98G      1.73     0.379         0      2.11        19       512     0.907     0.647      0.77     0.755      4.32     0.558         0
   261/299     6.98G      1.91     0.395         0       2.3        17       512     0.898     0.641     0.775     0.748       4.3     0.564         0
   262/299     6.98G      1.98     0.394         0      2.38        13       512     0.882     0.661     0.776     0.755      4.32     0.556         0
   263/299     6.98G      1.97     0.395         0      2.37        13       512     0.878     0.664     0.771     0.756       4.3     0.551         0
   264/299     6.98G      2.08     0.355         0      2.43        15       512     0.884      0.67     0.779     0.762      4.28      0.55         0
   265/299     6.98G      2.12     0.388         0      2.51        20       512     0.893     0.653     0.778     0.754      4.27     0.567         0
   266/299     6.98G      2.18     0.371         0      2.55        17       512     0.895     0.649     0.769     0.752      4.29     0.573         0
   267/299     6.98G       2.2     0.387         0      2.58        17       512     0.892     0.662     0.779      0.76      4.26     0.568         0
   268/299     6.98G      2.12     0.395         0      2.51        14       512     0.902     0.645     0.775     0.752      4.32     0.574         0
   269/299     6.98G      2.01     0.396         0      2.41        18       512     0.909     0.641     0.766     0.752      4.33     0.572         0
   270/299     6.98G      1.73     0.378         0      2.11        19       512     0.907     0.647     0.771     0.755      4.28     0.564         0
   271/299     6.98G      1.79     0.397         0      2.18        17       512     0.905     0.653     0.777     0.759      4.28     0.559         0
   272/299     6.98G      1.73     0.346         0      2.08        12       512     0.915     0.658      0.78     0.765      4.27     0.566         0
   273/299     6.98G      1.72     0.379         0       2.1        18       512      0.91     0.655     0.784     0.762       4.3     0.567         0
   274/299     6.98G      1.82     0.351         0      2.17        17       512     0.901     0.659     0.781     0.761      4.27     0.568         0
   275/299     6.98G      1.71      0.39         0       2.1        15       512     0.897     0.665     0.784     0.763      4.27     0.554         0
   276/299     6.98G      2.08     0.379         0      2.46        17       512     0.897     0.661     0.785     0.761      4.27      0.56         0
   277/299     6.98G      2.22     0.399         0      2.62        16       512     0.893     0.659     0.785     0.758      4.26     0.567         0
   278/299     6.98G      2.23     0.377         0       2.6        20       512     0.901     0.657     0.784      0.76      4.28     0.567         0
   279/299     6.98G      2.24     0.376         0      2.61        15       512     0.896     0.659     0.786      0.76      4.31     0.563         0
   280/299     6.98G      2.47     0.389         0      2.86        19       512     0.898     0.657     0.788     0.759      4.28     0.568         0
   281/299     6.98G      2.01     0.377         0      2.39        19       512     0.905     0.655     0.788      0.76      4.27     0.568         0
   282/299     6.98G      1.89     0.388         0      2.27        18       512     0.904     0.645     0.779     0.753      4.27      0.57         0
   283/299     6.98G      2.17     0.387         0      2.56        18       512     0.911     0.649     0.782     0.758      4.25     0.569         0
   284/299     6.98G      2.05     0.375         0      2.42        20       512     0.914     0.645     0.773     0.756      4.25     0.569         0
   285/299     6.98G      1.77     0.369         0      2.14        14       512     0.908     0.641     0.775     0.751      4.25     0.573         0
   286/299     6.98G      1.58     0.393         0      1.97        20       512      0.91     0.632     0.774     0.746      4.25      0.58         0
   287/299     6.98G      2.28     0.389         0      2.67        17       512     0.908      0.62     0.767     0.737      4.27     0.587         0
   288/299     6.98G       1.4     0.363         0      1.76        16       512     0.904      0.63     0.767     0.743      4.26     0.585         0
   289/299     6.98G      2.15     0.396         0      2.54        20       512     0.913     0.636     0.771      0.75      4.26     0.583         0
   290/299     6.98G      1.69      0.34         0      2.03        14       512     0.911     0.646     0.777     0.756      4.24     0.572         0
   291/299     6.98G      2.38      0.35         0      2.73        18       512     0.912     0.648     0.777     0.758      4.24     0.573         0
   292/299     6.98G      2.23     0.363         0      2.59        19       512     0.906     0.647     0.776     0.755      4.25     0.575         0
   293/299     6.98G      2.05     0.378         0      2.43        18       512     0.902     0.652     0.782     0.757      4.25     0.575         0
   294/299     6.98G      2.01     0.356         0      2.37        17       512     0.908     0.639     0.775      0.75      4.25     0.582         0
   295/299     6.98G      2.15     0.394         0      2.55        15       512     0.908     0.638      0.78      0.75      4.24     0.587         0
   296/299     6.98G      2.03     0.365         0      2.39        15       512     0.908     0.639     0.775      0.75      4.23      0.59         0
   297/299     6.98G      2.22     0.377         0       2.6        14       512     0.911     0.643     0.781     0.754      4.23     0.587         0
   298/299     6.98G       2.1     0.354         0      2.46        16       512     0.904     0.647     0.776     0.754      4.23     0.579         0
   299/299     6.98G      1.51     0.371         0      1.88        16       512     0.886     0.655     0.774     0.753      4.23     0.567         0
